W
The length of the best path is 49524
It occurred first in generation 1380
This program took 5684.85 seconds to complete.
The best path is 14 167 102 114 24 28 51 168 55 15 157 164 111 62 44 63 127 150 18 8 23 12 77 172 113 106 148 97 5 101 169 133 43 158 122 95 177 60 53 76 162 135 3 29 80 33 78 110 147 65
159 117 146 129 42 21 152 121 49 31 73 50 26 163 69 13 46 139 0 128 45 39 165 75 161 94 140 36 34 134 104 131 86 155 171 11 85 92 151 89 170 64 116 48 74 109 105 58 56 88 38 98 145 103 14
1 52 17 123 54 142 115 96 93 144 120 166 57 37 90 59 47 16 125 136 61 118 112 83 9 2 79 156 35 25 4 124 30 66 91 175 108 22 154 72 176 71 19 84 81 1 10 143 6 99 137 40 67 130 107 126 174
27 41 100 70 32 87 132 138 20 149 173 153 68 119 82 7 160
The average of best paths found in 30 runs was: 47066.4
The seeds used were: [9, 67, 12, 85, 79, 99, 41, 68, 7, 71, 23, 75, 72, 3, 18,
44, 83, 21, 2, 5, 65, 63, 28, 40, 82, 57, 33, 51, 90, 73]

Container tag: be02525
