W
The length of the best path is 36250
It occurred first in generation 938
This program took 464.04 seconds to complete.
The best path is 92 83 49 46 13 99 116 48 97 105 54 31 117 3 0 113 65 62 53 4 66 90 78 93 126 119 121 56 79 96 100 108 40 110 89 24 74 127 123 88 44 76 12 18 23 8 102 101 103 122 67 29 35
 33 106 85 51 10 6 28 1 25 19 34 72 58 22 124 50 95 17 84 37 75 77 115 30 104 47 16 80 111 61 20 125 7 98 14 86 43 9 57 21 42 32 2 64 73 5 15 91 87 68 81 69 118 41 70 38 71 112 59 120 52
60 27 63 36 107 39 45 109 11 94 114 82 26 55
The average of best paths found in 30 runs was: 33961.2
The seeds used were: [57, 55, 75, 23, 18, 32, 72, 48, 46, 27, 92, 64, 54, 90, 24, 87, 2, 59, 11, 62, 97, 5, 29, 20, 14, 78, 3, 28, 98, 91]

Container tag: be02525
