W
The length of the best path is 43792
It occurred first in generation 899
This program took 3918.19 seconds to complete.
The best path is 150 19 68 1 139 10 77 168 24 110 39 161 32 66 104 167 31 79 173 81 95 98 137 3 87 28 164 144 99 6 134 29 76 158 65 113 8 172 109 101 130 122 37 89 151 7 16 43 165 41 96 1
38 80 135 63 123 13 159 106 153 133 64 166 116 74 44 59 86 127 58 105 52 94 136 47 12 4 21 155 85 124 0 25 120 55 93 53 146 117 17 119 145 141 48 70 128 143 2 75 157 102 91 62 40 126 36 9
0 162 72 30 56 54 170 60 49 5 171 100 118 108 26 46 9 61 152 142 111 73 125 169 129 45 35 112 114 132 23 14 163 131 82 156 57 140 71 103 33 97 11 88 34 15 51 20 149 115 92 147 38 84 67 42
 148 160 78 121 27 83 69 154 18 107 50 22
The average of best paths found in 30 runs was: 40958.6
The seeds used were: [86, 16, 63, 7, 32, 98, 11, 5, 57, 20, 30, 67, 43, 52, 92, 29, 84, 45, 34, 38, 23, 19, 9, 48, 59, 93, 17, 10, 22, 73]

Container tag: be02525
