The length of the best path is 103332
It occurred first in generation 1458
This program took 83575 seconds to complete.
The best path is 170 10 150 318 195 6 171 164 136 295 262 193 66 206 83 19 214 110 129 351 200 146 77 187 118 52 344 216 36 22 196 143 289 267 63 158 244 132 72 339 347 313 11 292 298 266
 168 308 82 224 105 314 138 142 217 227 213 68 45 331 37 182 320 317 335 306 299 97 350 153 148 95 284 107 112 125 229 169 62 54 30 329 238 203 300 34 119 180 124 307 328 288 117 272 337
140 342 174 210 88 156 76 89 121 165 191 251 252 94 215 160 234 325 198 348 205 259 73 192 346 301 32 57 334 237 303 70 27 157 90 172 38 263 231 46 49 116 250 67 21 247 64 233 141 81 338
330 173 162 319 283 155 55 137 326 58 268 109 20 135 7 181 1 246 327 79 332 65 159 149 104 310 91 218 212 17 131 333 42 277 163 74 269 302 35 183 122 185 208 201 264 323 349 26 139 13 279
 14 336 309 243 345 123 248 254 59 315 273 5 130 92 202 56 280 47 297 15 211 304 18 197 312 226 75 23 84 282 87 8 12 99 190 291 100 176 296 106 271 69 151 239 209 240 228 241 275 225 4 22
1 39 40 285 48 16 154 102 152 293 340 127 78 188 25 255 147 126 219 175 178 204 270 235 133 80 51 222 86 114 50 257 242 341 128 113 44 286 245 294 230 144 28 134 61 194 85 24 311 253 53 2
36 177 43 223 316 93 305 232 41 260 103 145 287 71 33 166 111 199 29 207 115 258 256 3 0 101 186 278 120 276 290 324 179 161 60 167 184 274 2 96 249 281 322 189 343 31 321 9 261 265 108 9
8 220 352
The average of best paths found in 30 runs was: 89392.03333333334
The seeds used were: [5, 32, 88, 35, 22, 21, 37, 98, 53, 82, 64, 96, 74, 50, 62, 87, 63, 28, 81, 84, 23, 20, 43, 80, 33, 51, 92, 55, 52, 26]

The length of the best path is 104771
It occurred first in generation 1993
This program took 197044 seconds to complete.
The best path is 332 65 73 205 95 107 284 148 350 153 97 299 335 306 317 320 68 45 182 227 217 213 37 331 155 283 319 162 293 152 102 340 154 16 48 204 285 40 178 175 235 219 133 80 348 1
98 215 94 325 234 160 252 191 165 251 163 277 333 131 17 212 42 74 302 218 35 269 258 43 223 93 316 115 3 207 256 199 29 0 71 287 145 111 33 166 103 101 278 186 120 290 179 276 161 324 60
 184 167 274 2 189 322 31 343 261 96 281 9 249 81 338 247 330 21 233 141 321 64 173 130 92 273 5 15 211 90 63 158 267 289 244 132 196 143 339 347 313 11 72 188 25 78 255 147 126 6 10 195
150 318 327 246 164 136 66 262 193 295 171 1 79 181 159 149 310 104 91 245 294 286 44 113 128 242 341 230 177 236 253 311 53 14 336 243 315 309 345 254 7 248 59 135 123 20 109 174 268 58
140 342 55 137 326 337 272 117 288 328 180 34 259 70 301 346 32 57 334 237 27 192 157 303 49 116 250 67 46 231 38 172 263 50 312 23 18 87 282 8 84 304 197 226 75 121 156 88 210 89 76 352
106 239 151 271 69 209 114 232 41 260 86 222 51 202 280 297 47 176 296 56 100 291 190 99 12 170 125 220 98 108 265 169 229 144 194 134 24 61 85 28 257 279 105 142 224 138 314 82 308 298 3
6 168 216 266 292 22 52 118 344 187 77 351 129 146 221 214 110 19 83 206 200 39 270 26 13 139 349 264 323 201 305 183 185 208 122 112 127 307 124 119 238 203 300 329 30 62 54 275 225 4 24
1 228 240
The average of best paths found in 30 runs was: 94670.1
The seeds used were: [13, 77, 29, 11, 78, 54, 76, 35, 36, 53, 66, 57, 62, 92, 98, 50, 24, 27, 83, 55, 72, 58, 91, 64, 4, 86, 7, 46, 88, 67]
