W
The length of the best path is 168197
It occurred first in generation 1499
This program took 250120 seconds to complete.
The best path is 75 164 28 240 85 419 166 287 99 12 286 407 170 155 246 234 48 219 337 239 285 289 281 376 73 324 235 138 122 373 183 185 290 201 216 383 368 208 405 339 269 260 307 353 1
78 302 81 133 442 364 187 231 152 367 350 112 127 408 270 40 291 362 136 193 66 264 26 370 418 435 159 230 412 440 214 335 275 297 21 391 137 117 312 406 8 390 387 156 402 49 382 271 106
421 323 7 59 123 158 403 20 151 109 268 147 423 78 135 279 348 347 51 425 60 206 282 355 83 140 283 181 65 388 397 160 173 413 389 300 316 38 259 254 409 244 63 284 132 196 71 228 365 363
 207 415 3 29 199 400 33 39 204 375 263 87 232 145 261 229 306 150 222 226 162 146 202 101 360 120 278 209 186 126 175 13 161 252 221 46 50 314 326 432 296 168 411 103 303 417 215 340 255
 320 54 327 359 317 188 25 142 243 77 70 98 310 262 401 105 434 356 89 332 372 358 241 410 11 149 179 438 154 276 428 338 399 233 68 37 182 341 398 22 331 266 177 53 72 304 343 299 14 91
334 43 385 93 427 55 352 223 210 441 342 172 32 27 57 392 115 436 236 19 380 377 110 394 36 225 118 309 52 288 242 45 257 88 315 381 396 301 58 213 171 439 272 321 62 30 430 76 203 280 32
9 1 311 141 6 10 195 395 248 0 139 253 330 113 212 256 237 190 176 100 56 47 308 357 245 227 414 319 322 293 104 354 333 169 369 97 294 431 153 107 95 18 23 197 249 295 74 86 148 426 92 1
5 5 194 84 165 184 274 9 217 2 189 34 251 124 119 180 121 313 416 328 292 378 191 336 94 384 157 211 31 393 96 144 422 102 16 192 200 79 220 67 116 344 130 273 374 35 17 42 424 131 437 64
 258 143 198 82 267 69 163 298 361 265 386 108 125 277 305 205 218 111 433 429 44 128 114 41 351 134 366 61 24 80 250 345 379 318 404 129 174 247 420 349 4 371 167 90 238 224 346 325
The average of best paths found in 30 runs was: 160361.36666666667
The seeds used were: [27, 36, 63, 96, 16, 21, 48, 23, 55, 6, 97, 34, 78, 47, 19, 44, 7, 80, 86, 18, 12, 73, 65, 14, 33, 68, 58, 57, 69, 41]

W
The length of the best path is 202693
It occurred first in generation 1974
This program took 326697 seconds to complete.
The best path is 66 180 124 251 34 256 212 142 243 113 150 306 211 31 144 189 393 96 2 217 9 7 59 182 45 37 68 233 257 341 398 395 406 248 312 47 100 56 308 176 237 254
259 38 221 316 46 50 67 79 220 116 156 49 387 382 402 314 442 283 65 181 328 416 409 88 313 121 410 11 149 350 112 205 218 367 231 364 187 152 288 309 52 118 331 225 36
266 226 222 335 412 440 214 159 230 22 173 127 408 413 223 210 362 136 291 193 206 282 110 394 377 380 436 19 236 200 174 129 351 161 175 13 435 418 419 426 130 92 273 3
75 238 90 167 371 194 24 366 134 61 165 244 177 53 343 304 72 299 14 111 33 245 228 71 365 363 379 21 318 274 184 425 60 28 166 0 29 415 3 199 400 202 146 162 85 240 39
40 204 270 178 353 307 81 302 133 63 267 69 42 17 424 131 437 35 269 339 374 83 355 140 358 376 164 73 324 241 235 334 385 43 93 298 163 397 219 332 372 89 356 224 115 3
92 207 84 323 70 77 98 108 265 386 32 172 27 57 192 404 378 292 82 305 277 247 155 99 287 407 286 170 12 8 390 242 391 396 117 381 157 229 261 145 64 201 368 216 185 383
 290 208 373 183 405 122 119 280 76 203 430 30 62 321 54 327 143 258 198 139 94 336 191 252 438 278 101 209 296 120 326 432 154 428 276 179 338 250 345 357 310 434 105 2
62 401 138 433 51 337 347 342 279 348 260 41 417 303 340 103 215 227 114 48 234 246 16 102 25 188 317 384 126 359 319 104 414 293 322 354 333 91 422 190 346 195 10 141 3
25 6 311 1 329 439 171 137 272 213 301 427 58 55 352 168 411 255 320 160 388 186 360 315 361 125 263 232 87 421 271 106 128 44 330 429 239 289 285 281 75 135 403 123 158
 151 20 423 109 147 78 268 253 284 132 196 15 5 344 399 441 148 86 23 74 295 249 18 197 349 4 420 297 275 300 389 169 97 294 369 153 431 80 107 95 264 26 370
The average of best paths found in 30 runs was: 181321.56666666668
The seeds used were: [85, 44, 21, 79, 49, 91, 76, 30, 73, 19, 60, 81, 32, 23, 35, 47, 96, 15, 38, 83, 62, 5, 64, 69, 14, 63, 10, 90, 95, 84]
